
strategic_region={
	id=129
	name="STRATEGICREGION_129"
	provinces={
		652 16139 16140 16141 784 16526 16527 16528 785 16202 16203 789 15942 15943 804 16097 806 16693 856 16189 864 16456 16457 16458 869 16417 876 16316 886 16529 16530 16531 890 15964 15965 904 15859 909 16241 919 16138 921 16356 928 16386 933 15978 15979 940 16462 947 16053 16054 960 15995 15996 961 16431 16432 16433 975 15938 979 15735 15736 981 16267 1005 16706 16707 1119 16798 1122 16680 16681 16682 1463 16584 16585 3714 15941 3786 16046 3788 16553 16554 3807 16255 3851 3856 16291 16292 3862 16175 3870 16398 3876 16452 16453 3889 16660 16661 3890 16360 3903 16128 3905 15953 15954 3907 16191 16192 3919 15873 3921 16434 3927 16396 16397 3935 16013 3950 16206 16207 3951 16065 16066 3964 16226 3965 16014 16015 16016 3967 15739 15740 3979 15997 15998 15999 3982 15737 15738 3983 16259 16260 16261 4008 16799 4112 16405 16406 16407 4124 16754 4127 16708 16709 16710 4512 16507 16508 4583 16163 16164 6807 16547 6808 16126 16127 6813 16477 16478 16479 6864 16125 6871 15994 6877 16313 16314 16315 6888 16334 6894 16625 16626 6908 16010 16011 6912 16027 6919 16129 6920 15834 15835 15836 6925 16205 6935 16297 16298 6938 15837 15838 6945 16408 16409 6950 16113 6956 16465 16466 16467 6965 16343 16344 6976 15985 15986 6977 16293 6978 15892 6991 16000 16001 6992 16438 16439 6995 15718 15719 7026 16776 7130 16461 7143 16638 16639 7454 15840 15841 7470 16208 16209 16210 7530 16532 16533 7620 16485 16486 9755 16463 16464 9761 16268 16269 9763 16562 9777 16227 16228 9799 16200 16201 9806 16084 16085 9811 16342 9823 16629 9830 16474 16475 16476 9844 15936 15937 9858 16294 16295 16296 9860 16361 16362 9861 16333 9868 16160 9871 15929 9878 16388 16389 9886 16028 16029 9887 16073 16074 9893 16649 16650 9900 9901 16204 9912 16583 9915 9921 16290 9929 16551 16552 9932 15939 15940 9941 16647 16648 9954 16161 16162 10038 16570 16571 10041 16506 10056 16691 16692 10122 16745 10399 16262 16263 10403 15842 15843 15844 10472 15960 10497 16454 16455 11739 16410 11746 16683 11747 16086 16087 16088 11753 15839 11759 16468 11778 16158 16159 11784 16110 16111 11792 16355 11796 16387 11797 16270 11810 16627 16628 11811 15906 15907 11826 16112 11831 16190 11839 16055 11844 16225 11848 16275 11853 16130 16131 11860 16416 11866 11867 16082 16083 11871 16684 11880 16276 16277 16278 11881 15807 11883 15781 11894 15874 15875 11897 16012 11898 16332 11907 16524 16525 11917 16608 16609 12013 16636 16637 12016 16602 16603 12096 16765 12318 16418 16419 16420 12376 16151 16152 16153 12387 16611 12416 16610 12476 16534 16535 13121 13122 
	}
	weather={
		period={
			between={ 0.0 30.0 }
			temperature={ -11.0 8.0 }
			no_phenomenon=0.700
			rain_light=0.200
			rain_heavy=0.080
			snow=0.100
			blizzard=0.000
			arctic_water=0.000
			mud=1.000
			sandstorm=0.000
			min_snow_level=0.000
		}
		period={
			between={ 0.1 27.1 }
			temperature={ -10.0 12.0 }
			no_phenomenon=0.700
			rain_light=0.200
			rain_heavy=0.080
			snow=0.100
			blizzard=0.000
			arctic_water=0.000
			mud=1.000
			sandstorm=0.000
			min_snow_level=0.000
		}
		period={
			between={ 0.2 30.2 }
			temperature={ -6.0 14.0 }
			no_phenomenon=0.700
			rain_light=0.200
			rain_heavy=0.100
			snow=0.020
			blizzard=0.000
			arctic_water=0.000
			mud=1.000
			sandstorm=0.000
			min_snow_level=0.000
		}
		period={
			between={ 0.3 29.3 }
			temperature={ 1.0 18.0 }
			no_phenomenon=0.650
			rain_light=0.250
			rain_heavy=0.100
			snow=0.000
			blizzard=0.000
			arctic_water=0.000
			mud=1.000
			sandstorm=0.000
			min_snow_level=0.000
		}
		period={
			between={ 0.4 30.4 }
			temperature={ 7.0 21.0 }
			no_phenomenon=0.650
			rain_light=0.250
			rain_heavy=0.100
			snow=0.000
			blizzard=0.000
			arctic_water=0.000
			mud=1.000
			sandstorm=0.000
			min_snow_level=0.000
		}
		period={
			between={ 0.5 29.5 }
			temperature={ 10.0 25.0 }
			no_phenomenon=0.700
			rain_light=0.200
			rain_heavy=0.100
			snow=0.000
			blizzard=0.000
			arctic_water=0.000
			mud=1.000
			sandstorm=0.000
			min_snow_level=0.000
		}
		period={
			between={ 0.6 30.6 }
			temperature={ 14.0 28.0 }
			no_phenomenon=0.800
			rain_light=0.150
			rain_heavy=0.050
			snow=0.000
			blizzard=0.000
			arctic_water=0.000
			mud=1.000
			sandstorm=0.000
			min_snow_level=0.000
		}
		period={
			between={ 0.7 30.7 }
			temperature={ 14.0 28.0 }
			no_phenomenon=0.850
			rain_light=0.100
			rain_heavy=0.050
			snow=0.000
			blizzard=0.000
			arctic_water=0.000
			mud=1.000
			sandstorm=0.000
			min_snow_level=0.000
		}
		period={
			between={ 0.8 29.8 }
			temperature={ 9.0 25.0 }
			no_phenomenon=0.850
			rain_light=0.100
			rain_heavy=0.050
			snow=0.000
			blizzard=0.000
			arctic_water=0.000
			mud=1.000
			sandstorm=0.000
			min_snow_level=0.000
		}
		period={
			between={ 0.9 30.9 }
			temperature={ 3.0 21.0 }
			no_phenomenon=0.750
			rain_light=0.150
			rain_heavy=0.100
			snow=0.020
			blizzard=0.000
			arctic_water=0.000
			mud=1.000
			sandstorm=0.000
			min_snow_level=0.000
		}
		period={
			between={ 0.10 29.10 }
			temperature={ -3.0 14.0 }
			no_phenomenon=0.650
			rain_light=0.250
			rain_heavy=0.100
			snow=0.020
			blizzard=0.000
			arctic_water=0.000
			mud=1.000
			sandstorm=0.000
			min_snow_level=0.000
		}
		period={
			between={ 0.11 30.11 }
			temperature={ -10.0 10.0 }
			no_phenomenon=0.650
			rain_light=0.250
			rain_heavy=0.800
			snow=0.100
			blizzard=0.000
			arctic_water=0.000
			mud=1.000
			sandstorm=0.000
			min_snow_level=0.000
		}
	}
}