
strategic_region={
	id=142
	name="STRATEGICREGION_142"
	provinces={
		1073 18254 1157 18312 18313 1185 18356 1244 18675 18676 1248 18574 18575 18576 1253 18449 18450 1285 18708 1300 18596 18597 1302 18515 18516 1324 18669 18670 1328 18602 18603 18604 1353 18677 18678 1357 18524 18525 1362 18427 18428 1374 18566 1390 18451 1396 18755 1400 18641 1423 18757 1427 18627 1464 18456 18457 1488 18376 18377 18378 1507 18431 18432 18433 1520 18467 18468 1535 18517 1548 18541 1563 18567 18568 1577 18572 18573 1592 18571 1605 18671 18672 1620 18657 18658 1990 18369 18370 4075 18333 18334 18335 4119 18339 4223 18756 4251 18623 18624 4255 18569 18570 4260 18484 18485 4284 18775 4302 18616 18617 4319 18584 18585 4330 18695 18696 4334 18630 4339 18387 18388 4341 18786 4348 18593 18594 4359 18709 18710 4363 18621 18622 4379 18526 18527 4397 18436 4401 18746 18747 18748 4405 18642 18643 4433 18647 18648 4496 18405 18406 4511 18458 18459 4529 18264 18265 4539 18504 18505 4554 18560 18561 4566 18539 18540 4568 18318 18319 18320 4582 18499 18500 4596 18600 18601 4613 18350 18351 18352 4639 18681 5236 7015 18290 18291 7075 18357 18358 7093 18298 18299 7103 18336 18337 18338 7218 18348 18349 7225 18633 18634 7229 18548 18549 7238 18725 18726 7271 18705 18706 18707 7280 18471 18472 7292 18667 18668 7303 18777 7312 18486 18487 7319 18692 7331 18784 7338 18586 7347 18702 18703 7353 18483 7356 18423 18424 18425 7367 18595 7376 18723 7380 18635 18636 7404 18728 18729 7408 18618 18619 18620 7426 18542 18543 7432 18744 18745 7492 18419 18420 7516 18462 18463 7518 18190 18191 18192 7531 18438 18439 7544 18550 18551 7559 18506 18507 7572 18530 7587 18631 18632 7601 18563 18564 7645 18661 18662 7675 18397 18398 18399 8045 18411 18412 9948 18266 18267 9961 18354 18355 9988 18407 18408 10016 18389 18390 10075 18270 18271 18272 10103 18294 18295 10129 18343 10134 18652 18653 10137 18555 18556 10162 18682 18683 18684 10177 18654 10180 18579 18580 18581 10193 18557 18558 10195 18501 18502 10204 18693 18694 10221 18589 10232 18737 18738 10238 18522 18523 10250 18610 10261 18730 18731 10289 18711 18712 10293 18628 18629 10309 18537 18538 10317 18752 10326 18464 10330 18421 18422 10356 18440 18441 10371 18447 18448 10384 18465 18466 10398 18488 18489 10411 18536 10425 18528 10438 18559 10453 18598 18599 10456 18393 18394 10467 18612 18613 10496 18379 18380 18381 11909 18361 18362 11936 18374 12008 18235 18236 12048 12065 18221 18222 12075 18305 18306 12109 18663 18664 12133 18767 12150 18686 18687 12167 18605 18606 12173 18562 12176 18704 12191 18690 18691 12195 18587 12204 18735 12210 18531 18532 12224 18611 12232 18733 18734 12260 18724 12264 18553 18554 12288 18732 12297 18452 18453 12319 18232 18233 18234 12332 18434 18435 12345 18460 18461 12360 18503 12373 18508 12388 18552 12392 18257 18258 12402 18535 12417 18577 18578 12431 18565 12433 18310 18311 12447 18625 18626 12460 18614 18615 12475 18655 18656 
	}
	weather={
		period={
			between={ 0.0 30.0 }
			temperature={ 16.0 32.0 }
			no_phenomenon=0.920
			rain_light=0.060
			rain_heavy=0.020
			snow=0.000
			blizzard=0.000
			arctic_water=0.000
			mud=0.500
			sandstorm=0.000
			min_snow_level=0.000
		}
		period={
			between={ 0.1 27.1 }
			temperature={ 20.0 33.0 }
			no_phenomenon=0.900
			rain_light=0.050
			rain_heavy=0.050
			snow=0.000
			blizzard=0.000
			arctic_water=0.000
			mud=0.500
			sandstorm=0.000
			min_snow_level=0.000
		}
		period={
			between={ 0.2 30.2 }
			temperature={ 22.0 35.0 }
			no_phenomenon=0.800
			rain_light=0.080
			rain_heavy=0.120
			snow=0.000
			blizzard=0.000
			arctic_water=0.000
			mud=0.500
			sandstorm=0.000
			min_snow_level=0.000
		}
		period={
			between={ 0.3 29.3 }
			temperature={ 23.0 36.0 }
			no_phenomenon=0.700
			rain_light=0.050
			rain_heavy=0.250
			snow=0.000
			blizzard=0.000
			arctic_water=0.000
			mud=0.500
			sandstorm=0.000
			min_snow_level=0.000
		}
		period={
			between={ 0.4 30.4 }
			temperature={ 22.0 35.0 }
			no_phenomenon=0.400
			rain_light=0.100
			rain_heavy=0.500
			snow=0.000
			blizzard=0.000
			arctic_water=0.000
			mud=0.500
			sandstorm=0.000
			min_snow_level=0.000
		}
		period={
			between={ 0.5 29.5 }
			temperature={ 21.0 34.0 }
			no_phenomenon=0.350
			rain_light=0.150
			rain_heavy=0.500
			snow=0.000
			blizzard=0.000
			arctic_water=0.000
			mud=0.500
			sandstorm=0.000
			min_snow_level=0.000
		}
		period={
			between={ 0.6 30.6 }
			temperature={ 20.0 33.0 }
			no_phenomenon=0.300
			rain_light=0.150
			rain_heavy=0.550
			snow=0.000
			blizzard=0.000
			arctic_water=0.000
			mud=0.500
			sandstorm=0.000
			min_snow_level=0.000
		}
		period={
			between={ 0.7 30.7 }
			temperature={ 21.0 33.0 }
			no_phenomenon=0.250
			rain_light=0.200
			rain_heavy=0.550
			snow=0.000
			blizzard=0.000
			arctic_water=0.000
			mud=0.500
			sandstorm=0.000
			min_snow_level=0.000
		}
		period={
			between={ 0.8 29.8 }
			temperature={ 21.0 33.0 }
			no_phenomenon=0.200
			rain_light=0.200
			rain_heavy=0.600
			snow=0.000
			blizzard=0.000
			arctic_water=0.000
			mud=0.500
			sandstorm=0.000
			min_snow_level=0.000
		}
		period={
			between={ 0.9 30.9 }
			temperature={ 20.0 33.0 }
			no_phenomenon=0.400
			rain_light=0.200
			rain_heavy=0.400
			snow=0.000
			blizzard=0.000
			arctic_water=0.000
			mud=0.500
			sandstorm=0.000
			min_snow_level=0.000
		}
		period={
			between={ 0.10 29.10 }
			temperature={ 19.0 32.0 }
			no_phenomenon=0.800
			rain_light=0.100
			rain_heavy=0.100
			snow=0.000
			blizzard=0.000
			arctic_water=0.000
			mud=0.500
			sandstorm=0.000
			min_snow_level=0.000
		}
		period={
			between={ 0.11 30.11 }
			temperature={ 16.0 32.0 }
			no_phenomenon=0.092
			rain_light=0.060
			rain_heavy=0.020
			snow=0.000
			blizzard=0.000
			arctic_water=0.000
			mud=0.500
			sandstorm=0.000
			min_snow_level=0.000
		}
	}
}