
strategic_region={
	id=155
	name="STRATEGICREGION_155"
	provinces={
		783 15337 15338 800 15776 810 15230 15231 836 15988 846 15621 861 15731 887 15670 15671 892 15916 15917 15918 916 15543 927 15611 15612 930 15307 944 15578 15579 945 946 15452 964 16078 16079 973 15392 15393 987 15741 1150 16282 16283 16284 1499 15210 15211 1502 14884 1508 15431 15432 1545 14837 14838 1558 15041 15042 1567 15433 1571 15043 15044 15045 1588 14776 1627 14976 1638 15343 15344 15345 1645 14933 14934 1693 14532 1732 14720 14721 1776 14190 1847 14572 14573 3783 16171 16172 3791 15277 15278 15279 3815 15152 3839 3843 15171 3849 15730 3877 15370 3888 15636 15637 3895 15863 15864 3913 15524 3929 15613 15614 3932 15510 3944 3947 15420 15421 3949 15865 15866 3970 16069 16070 3978 15349 4503 15141 4506 14876 4551 14722 14723 4561 15005 4572 15333 15334 4592 14851 14852 4633 15088 15089 4642 15398 15399 4649 14961 4745 14571 4809 14181 4852 14386 4876 14758 14759 5427 15104 6804 15822 15823 6806 15474 6811 15198 15199 6851 6860 16022 16023 6863 15061 6868 15775 6893 15594 15595 6905 15596 6910 15944 6918 6947 15460 15461 6951 15687 6964 15462 15463 15464 6981 7523 15131 15132 7526 14970 7569 14794 7582 15002 15003 7591 15212 15213 7613 14693 14694 7652 15117 7663 15335 15336 7670 14983 7697 14276 7743 14496 14497 7767 14736 7812 14960 7832 14375 14376 7848 14060 14061 7873 14284 7894 14612 7897 14682 14683 9623 14891 9759 15743 15744 9766 15263 15264 15265 9781 15828 9782 15118 9788 15635 9798 15033 9803 15711 15712 9831 15459 9835 15820 15821 9841 15691 9848 9854 16092 16093 9866 15576 15577 9883 15491 9885 15742 9897 15505 9913 15390 15391 9928 15323 15324 10215 14822 10368 14768 14769 10376 15243 15244 10379 14919 14920 10429 15221 15222 10433 15058 15059 15060 10463 14957 10503 15119 15120 10519 14971 14972 10521 14704 14705 10541 14065 14066 10567 14365 10612 14495 10638 14728 14729 10675 14127 14128 10698 14560 14561 11744 15253 15254 11764 15899 11771 15708 15709 15710 11781 15713 11808 15669 11815 15797 15798 11823 15672 15673 15674 11836 15439 11850 15586 15587 11862 15518 11864 15313 15314 11893 15358 15359 11903 15276 11906 15223 15224 12337 15129 15130 12342 14865 12355 15012 12412 15048 12443 14954 12469 15039 15040 12478 15306 12482 15084 15085 12485 14826 12500 14977 12537 14133 14134 12548 14498 14499 12618 14638 14639 12690 14793 13150 14595 
	}
	weather={
		period={
			between={ 0.0 30.0 }
			temperature={ -25.0 -6.0 }
			no_phenomenon=0.600
			rain_light=0.000
			rain_heavy=0.000
			snow=0.250
			blizzard=0.150
			arctic_water=0.000
			mud=1.000
			sandstorm=0.000
			min_snow_level=0.000
		}
		period={
			between={ 0.1 27.1 }
			temperature={ -23.0 -2.0 }
			no_phenomenon=0.650
			rain_light=0.000
			rain_heavy=0.000
			snow=0.250
			blizzard=0.100
			arctic_water=0.000
			mud=1.000
			sandstorm=0.000
			min_snow_level=0.000
		}
		period={
			between={ 0.2 30.2 }
			temperature={ -14.0 6.0 }
			no_phenomenon=0.650
			rain_light=0.050
			rain_heavy=0.000
			snow=0.250
			blizzard=0.050
			arctic_water=0.000
			mud=1.000
			sandstorm=0.000
			min_snow_level=0.000
		}
		period={
			between={ 0.3 29.3 }
			temperature={ -1.0 15.0 }
			no_phenomenon=0.600
			rain_light=0.100
			rain_heavy=0.100
			snow=0.150
			blizzard=0.050
			arctic_water=0.000
			mud=1.000
			sandstorm=0.000
			min_snow_level=0.000
		}
		period={
			between={ 0.4 30.4 }
			temperature={ 7.0 22.0 }
			no_phenomenon=0.550
			rain_light=0.200
			rain_heavy=0.250
			snow=0.000
			blizzard=0.000
			arctic_water=0.000
			mud=1.000
			sandstorm=0.000
			min_snow_level=0.000
		}
		period={
			between={ 0.5 29.5 }
			temperature={ 13.0 28.0 }
			no_phenomenon=0.550
			rain_light=0.200
			rain_heavy=0.250
			snow=0.000
			blizzard=0.000
			arctic_water=0.000
			mud=1.000
			sandstorm=0.000
			min_snow_level=0.000
		}
		period={
			between={ 0.6 30.6 }
			temperature={ 16.0 31.0 }
			no_phenomenon=0.550
			rain_light=0.200
			rain_heavy=0.250
			snow=0.000
			blizzard=0.000
			arctic_water=0.000
			mud=1.000
			sandstorm=0.000
			min_snow_level=0.000
		}
		period={
			between={ 0.7 30.7 }
			temperature={ 15.0 30.0 }
			no_phenomenon=0.550
			rain_light=0.200
			rain_heavy=0.250
			snow=0.000
			blizzard=0.000
			arctic_water=0.000
			mud=1.000
			sandstorm=0.000
			min_snow_level=0.000
		}
		period={
			between={ 0.8 29.8 }
			temperature={ 8.0 22.0 }
			no_phenomenon=0.550
			rain_light=0.200
			rain_heavy=0.250
			snow=0.000
			blizzard=0.000
			arctic_water=0.000
			mud=1.000
			sandstorm=0.000
			min_snow_level=0.000
		}
		period={
			between={ 0.9 30.9 }
			temperature={ 1.0 15.0 }
			no_phenomenon=0.600
			rain_light=0.200
			rain_heavy=0.050
			snow=0.150
			blizzard=0.000
			arctic_water=0.000
			mud=1.000
			sandstorm=0.000
			min_snow_level=0.000
		}
		period={
			between={ 0.10 29.10 }
			temperature={ -13.0 4.0 }
			no_phenomenon=0.600
			rain_light=0.050
			rain_heavy=0.000
			snow=0.250
			blizzard=0.100
			arctic_water=0.000
			mud=1.000
			sandstorm=0.000
			min_snow_level=0.000
		}
		period={
			between={ 0.11 30.11 }
			temperature={ -23.0 -3.0 }
			no_phenomenon=0.600
			rain_light=0.000
			rain_heavy=0.000
			snow=0.300
			blizzard=0.100
			arctic_water=0.000
			mud=1.000
			sandstorm=0.000
			min_snow_level=0.000
		}
	}
}