
strategic_region={
	id=164
	name="STRATEGICREGION_164"
	provinces={
		996 17483 17484 1001 17291 17292 1004 17104 1006 18004 18005 18006 1029 17094 1036 17661 17662 1053 17981 1055 17836 17837 1066 17782 17783 17784 1076 1083 17506 17507 1089 17355 17356 1094 17892 1096 17665 1099 17462 1110 17888 17889 1121 17160 17161 1125 17663 17664 1138 17898 17899 1139 16994 1146 17415 1153 17681 17682 1161 17213 17214 1166 17971 17972 17973 1168 17762 17763 17764 1171 17520 1193 17968 17969 17970 1195 17752 17753 1603 17150 17151 1612 17546 1628 17691 17692 3992 17776 17777 17778 4001 17348 4005 17284 4009 17380 4010 17062 17063 4013 17786 17787 17788 4031 17153 17154 4038 17789 17790 4042 17568 17569 4053 18032 18033 4066 17190 17191 4070 17841 17842 4079 17308 4081 18039 18040 18041 4082 4083 17830 17831 4091 17349 17350 4099 17858 17859 17860 4105 17521 17522 4113 17863 17864 4114 16995 4123 17203 4130 17607 4144 16895 16896 4148 17329 4156 17886 17887 4158 17381 4169 17917 17918 17919 4173 17560 4183 17944 17945 4185 17746 4196 17962 17963 17964 4203 17431 4519 17276 4547 17250 17251 4606 17028 17029 4619 17609 17610 17611 4631 17669 17670 6932 17102 17103 7004 17995 17996 17997 7007 17724 17725 17726 7014 17496 17497 17498 7019 17327 17328 7025 17106 7027 18026 18027 7035 17574 7054 17779 17780 17781 7058 17645 7071 18086 7074 16878 7085 17136 17137 7086 17825 17826 7094 17310 17311 7099 18051 18052 18053 7104 17595 7120 17551 7126 17210 7129 16973 7131 18034 18035 18036 7142 17215 7146 17699 17700 7167 17550 7172 17867 17868 7174 17716 17717 7181 17285 7191 17612 17613 17614 7199 17924 17925 7200 17130 7222 17383 17384 7459 17267 7508 17202 7540 17252 7568 17300 7580 17392 7596 17458 17459 7609 17429 17430 7625 17573 7637 17602 17603 7653 17774 17775 7656 17111 17112 7948 17487 17488 8072 17337 17338 9934 17489 9937 17283 9942 18016 9944 17760 17761 9953 17259 17260 9956 17115 17116 9958 17105 9959 17502 9972 17822 17823 17824 9974 17632 9984 17832 17833 9995 17179 17180 10008 17353 17354 10010 18091 10012 17856 17857 10014 17637 17638 10017 17409 10034 10040 17211 17212 10042 17914 17915 17916 10044 17599 17600 10054 18084 18085 10057 17890 17891 10058 17707 17708 10064 17382 10069 17911 17912 10076 17441 17442 17443 10079 17254 10084 17960 17961 10086 17678 17679 17680 10093 18122 10095 17293 10098 17113 17114 10101 17583 10112 17990 17991 10114 17732 10364 17158 17159 10434 17301 10446 17369 17370 10462 17460 17461 10474 17378 17379 10501 17828 17829 11913 17402 17403 17404 11916 17258 11920 17742 11928 17405 17406 11931 17092 17093 11937 17575 11945 18048 18049 18050 11947 17804 17805 11961 17834 17835 11973 17152 11982 17395 11986 18054 18055 11988 17750 17751 11991 17643 17644 11994 17451 12012 17241 12019 17656 17657 17658 12030 17926 17927 12036 12052 12055 17181 12057 17982 17983 17984 12059 17697 17698 12061 17494 17495 12067 17204 12076 17508 17509 12084 18028 18029 18030 12408 17281 17282 12426 17400 17401 12467 17608 12495 17809 17810 13141 13142 13144 
	}
	weather={
		period={
			between={ 0.0 30.0 }
			temperature={ -5.0 12.0 }
			no_phenomenon=1.500
			rain_light=0.250
			rain_heavy=0.100
			snow=0.000
			blizzard=0.000
			arctic_water=0.000
			mud=1.000
			sandstorm=0.000
			min_snow_level=0.000
		}
		period={
			between={ 0.1 27.1 }
			temperature={ -4.0 13.0 }
			no_phenomenon=1.500
			rain_light=0.250
			rain_heavy=0.100
			snow=0.000
			blizzard=0.000
			arctic_water=0.000
			mud=1.000
			sandstorm=0.000
			min_snow_level=0.000
		}
		period={
			between={ 0.2 30.2 }
			temperature={ 2.0 18.0 }
			no_phenomenon=1.500
			rain_light=0.250
			rain_heavy=0.100
			snow=0.000
			blizzard=0.000
			arctic_water=0.000
			mud=1.000
			sandstorm=0.000
			min_snow_level=0.000
		}
		period={
			between={ 0.3 29.3 }
			temperature={ 8.0 24.0 }
			no_phenomenon=1.500
			rain_light=0.700
			rain_heavy=0.500
			snow=0.000
			blizzard=0.000
			arctic_water=0.000
			mud=1.000
			sandstorm=0.000
			min_snow_level=0.000
		}
		period={
			between={ 0.4 30.4 }
			temperature={ 14.0 28.0 }
			no_phenomenon=1.500
			rain_light=0.700
			rain_heavy=0.500
			snow=0.000
			blizzard=0.000
			arctic_water=0.000
			mud=1.000
			sandstorm=0.000
			min_snow_level=0.000
		}
		period={
			between={ 0.5 29.5 }
			temperature={ 18.0 32.0 }
			no_phenomenon=1.500
			rain_light=0.700
			rain_heavy=0.500
			snow=0.000
			blizzard=0.000
			arctic_water=0.000
			mud=1.000
			sandstorm=0.000
			min_snow_level=0.000
		}
		period={
			between={ 0.6 30.6 }
			temperature={ 21.0 36.0 }
			no_phenomenon=0.500
			rain_light=0.600
			rain_heavy=0.450
			snow=0.000
			blizzard=0.000
			arctic_water=0.000
			mud=1.000
			sandstorm=0.000
			min_snow_level=0.000
		}
		period={
			between={ 0.7 30.7 }
			temperature={ 22.0 36.0 }
			no_phenomenon=0.500
			rain_light=0.600
			rain_heavy=0.450
			snow=0.000
			blizzard=0.000
			arctic_water=0.000
			mud=1.000
			sandstorm=0.000
			min_snow_level=0.000
		}
		period={
			between={ 0.8 29.8 }
			temperature={ 16.0 31.0 }
			no_phenomenon=0.500
			rain_light=0.600
			rain_heavy=0.450
			snow=0.000
			blizzard=0.000
			arctic_water=0.000
			mud=1.000
			sandstorm=0.000
			min_snow_level=0.000
		}
		period={
			between={ 0.9 30.9 }
			temperature={ 10.0 25.0 }
			no_phenomenon=1.500
			rain_light=0.600
			rain_heavy=0.450
			snow=0.000
			blizzard=0.000
			arctic_water=0.000
			mud=1.050
			sandstorm=0.000
			min_snow_level=0.000
		}
		period={
			between={ 0.10 29.10 }
			temperature={ 4.0 20.0 }
			no_phenomenon=1.500
			rain_light=0.250
			rain_heavy=0.100
			snow=0.000
			blizzard=0.000
			arctic_water=0.000
			mud=1.000
			sandstorm=0.000
			min_snow_level=0.000
		}
		period={
			between={ 0.11 30.11 }
			temperature={ -3.0 14.0 }
			no_phenomenon=1.500
			rain_light=0.250
			rain_heavy=0.100
			snow=0.000
			blizzard=0.000
			arctic_water=0.000
			mud=1.000
			sandstorm=0.000
			min_snow_level=0.000
		}
	}
}