
strategic_region={
	id=165
	name="STRATEGICREGION_165"
	provinces={
		994 18437 1010 17817 17818 1018 18275 18276 1023 18058 18059 18060 1038 18391 18392 1047 18165 18166 18167 1070 18375 1078 18097 1087 18209 1114 18174 18175 1120 18098 1131 18237 18238 1162 18102 1172 18113 18114 18115 1187 18217 18218 1196 18157 18158 18159 1202 18156 1319 17974 17975 1383 18124 1448 17920 17921 1469 18199 1474 17827 1522 18213 18214 1597 18117 1625 18081 18082 1640 17794 1653 18099 18100 18101 1884 18002 18003 1999 17704 17705 17706 2067 17743 17744 17745 4023 18292 18293 4028 18161 18162 4041 17571 17572 4050 18178 18179 18180 4077 18160 4085 18057 4092 18176 18177 4121 18259 18260 18261 4125 17956 17957 17958 4134 18104 4141 17693 17694 17695 4152 18118 18119 4160 18344 4165 18105 18106 18107 4177 18223 18224 18225 4189 4192 17953 17954 17955 4207 18128 18129 18130 4325 17872 4431 17754 17755 17756 4480 17922 17923 4501 18147 18148 4504 17946 17947 17948 4532 17989 4628 18108 4656 18154 18155 4896 17714 17715 5030 17558 17559 5072 17814 17815 17816 7039 18277 18278 7044 18170 18171 18172 7067 18181 18182 18183 7095 18083 7097 17811 17812 17813 7101 17739 17740 17741 7108 18219 18220 7128 18064 7135 18321 7137 18204 18205 18206 7141 18087 7152 18200 18201 7159 17959 7168 18095 18096 7182 18103 7192 18226 18227 18228 7201 17666 17667 17668 7210 18142 7279 17736 17737 17738 7294 17844 17845 17846 7434 17677 7446 18020 18021 18022 7502 17903 7521 17949 7549 17938 17939 17940 7577 17896 7606 18023 18024 18025 7650 18149 18150 7665 17803 8023 17987 17988 8095 17894 17895 9938 18131 9939 17797 9963 18268 18269 9970 18045 18046 18047 9978 18163 9982 17941 17942 17943 9997 18065 18066 18067 9999 17696 10004 18273 18274 10006 17798 10039 17992 17993 17994 10050 18207 18208 10062 10080 18109 10105 18262 18263 10121 18120 18121 10304 17687 10335 17865 10346 18076 18077 10377 17897 10404 18031 10431 18042 18043 18044 10459 18116 10517 17785 10616 17932 17933 10726 17771 17772 17773 10757 17566 17567 10763 17885 10776 18231 10819 17882 17883 17884 10822 17749 10841 17580 17581 17582 11918 18013 18014 18015 11926 18240 18241 11938 18229 18230 11941 18152 18153 11963 18395 18396 11972 17795 17796 11981 18301 18302 11983 18215 18216 11990 18413 12014 18061 18062 18063 12017 17851 17852 12023 18193 18194 12053 17934 17935 17936 12077 18245 12086 17631 12095 18143 12141 17588 12262 18092 18093 18094 12282 18078 18079 18080 12310 17847 12350 17910 12378 18010 18011 18012 12407 17978 17979 17980 12414 17629 17630 12436 18037 18038 12483 17861 17862 12819 17733 17734 17735 12841 17900 17901 17902 13140 13143 17866 
	}
	weather={
		period={
			between={ 0.0 30.0 }
			temperature={ 0.0 17.0 }
			no_phenomenon=0.920
			rain_light=0.050
			rain_heavy=0.030
			snow=0.000
			blizzard=0.000
			arctic_water=0.000
			mud=0.500
			sandstorm=0.000
			min_snow_level=0.000
		}
		period={
			between={ 0.1 27.1 }
			temperature={ 0.0 19.0 }
			no_phenomenon=0.900
			rain_light=0.050
			rain_heavy=0.050
			snow=0.000
			blizzard=0.000
			arctic_water=0.000
			mud=0.500
			sandstorm=0.000
			min_snow_level=0.000
		}
		period={
			between={ 0.2 30.2 }
			temperature={ 5.0 22.0 }
			no_phenomenon=0.820
			rain_light=0.050
			rain_heavy=0.130
			snow=0.000
			blizzard=0.000
			arctic_water=0.000
			mud=0.500
			sandstorm=0.000
			min_snow_level=0.000
		}
		period={
			between={ 0.3 29.3 }
			temperature={ 11.0 27.0 }
			no_phenomenon=0.700
			rain_light=0.050
			rain_heavy=0.250
			snow=0.000
			blizzard=0.000
			arctic_water=0.000
			mud=0.500
			sandstorm=0.000
			min_snow_level=0.000
		}
		period={
			between={ 0.4 30.4 }
			temperature={ 16.0 31.0 }
			no_phenomenon=0.600
			rain_light=0.200
			rain_heavy=0.400
			snow=0.000
			blizzard=0.000
			arctic_water=0.000
			mud=0.500
			sandstorm=0.000
			min_snow_level=0.000
		}
		period={
			between={ 0.5 29.5 }
			temperature={ 19.0 32.0 }
			no_phenomenon=0.400
			rain_light=0.200
			rain_heavy=0.400
			snow=0.000
			blizzard=0.000
			arctic_water=0.000
			mud=0.500
			sandstorm=0.000
			min_snow_level=0.000
		}
		period={
			between={ 0.6 30.6 }
			temperature={ 21.0 34.0 }
			no_phenomenon=0.200
			rain_light=0.300
			rain_heavy=0.500
			snow=0.000
			blizzard=0.000
			arctic_water=0.000
			mud=0.500
			sandstorm=0.000
			min_snow_level=0.000
		}
		period={
			between={ 0.7 30.7 }
			temperature={ 21.0 34.0 }
			no_phenomenon=0.200
			rain_light=0.300
			rain_heavy=0.500
			snow=0.000
			blizzard=0.000
			arctic_water=0.000
			mud=0.500
			sandstorm=0.000
			min_snow_level=0.000
		}
		period={
			between={ 0.8 29.8 }
			temperature={ 19.0 32.0 }
			no_phenomenon=0.300
			rain_light=0.200
			rain_heavy=0.500
			snow=0.000
			blizzard=0.000
			arctic_water=0.000
			mud=0.500
			sandstorm=0.000
			min_snow_level=0.000
		}
		period={
			between={ 0.9 30.9 }
			temperature={ 14.0 28.0 }
			no_phenomenon=0.600
			rain_light=0.050
			rain_heavy=0.350
			snow=0.000
			blizzard=0.000
			arctic_water=0.000
			mud=0.500
			sandstorm=0.000
			min_snow_level=0.000
		}
		period={
			between={ 0.10 29.10 }
			temperature={ 8.0 24.0 }
			no_phenomenon=0.900
			rain_light=0.050
			rain_heavy=0.050
			snow=0.000
			blizzard=0.000
			arctic_water=0.000
			mud=0.500
			sandstorm=0.000
			min_snow_level=0.000
		}
		period={
			between={ 0.11 30.11 }
			temperature={ 2.0 19.0 }
			no_phenomenon=0.950
			rain_light=0.050
			rain_heavy=0.000
			snow=0.000
			blizzard=0.000
			arctic_water=0.000
			mud=0.500
			sandstorm=0.000
			min_snow_level=0.000
		}
	}
}