3 4 6521 11444 3312 6282 
2 7 6282 349 3340 9388 13952 13992 321 
2 5 6282 6334 9334 9361 11372 
1 5 6332 6402 3380 389 362 
1 5 6332 13944 11245 9398 6375 
3 4 6521 9428 6441 514 
2 6 6521 375 3367 11219 11276 321 
3 6 6521 3499 14162 9456 14159 3522 
1 4 3522 9375 526 6377 
1 5 6377 6263 3271 6325 9347 
2 4 9347 6257 11331 6389 
3 10 6521 11505 14124 9496 3572 14196 6595 14265 552 9570 
2 4 6282 3207 537 9496 
1 4 9347 3368 3231 11366 
1 5 6377 3271 6349 374 3326 
2 5 9347 6325 6349 374 3326 
1 2 3326 241 
1 11 6469 14312 3512 6622 11346 9403 9281 11264 11360 336 241 
1 3 6469 14313 587 
3 3 6469 3398 495 
1 3 495 6535 11388 
1 5 11388 247 309 241 3326 
1 7 495 6535 9509 405 3234 3395 6377 
1 4 6469 6570 529 11494 
2 4 11494 3423 9575 11531 
3 5 11494 6444 11560 589 6488 
2 6 11531 9575 11547 11560 589 6488 
3 5 9517 14528 6568 589 6488 
2 7 11531 14522 563 3558 3530 14584 9517 
3 3 9517 14617 11499 
2 2 11499 708 
1 5 708 14655 3705 11653 692 
1 4 692 11653 6725 9515 
2 6 9517 14584 3530 6542 6712 3692 
1 4 3692 3679 6934 9655 
1 7 9655 11638 9666 6693 14708 14710 692 
1 3 11499 3690 9655 
3 7 495 3398 9547 3524 14352 3397 6488 
2 5 9515 14565 3299 571 11544 
1 5 692 9652 3688 6708 707 
1 5 707 6708 3688 6725 9515 
2 5 11499 9545 14505 14564 11544 
2 9 11544 14469 9416 9572 11417 11445 6549 3397 6488 
1 8 6488 3397 14352 3524 11533 6549 9524 3561 
3 5 3561 425 6487 14160 3522 
1 4 3561 14255 6513 564 
1 5 564 11431 9443 3398 495 
1 4 6377 11493 3355 564 
1 6 6488 3397 14352 3524 11533 564 
1 5 3561 425 6582 14305 3535 
1 3 3535 11481 514 
1 6 3535 14305 6582 6487 14160 3522 
2 12 11544 14469 9416 3474 14354 14362 482 6524 538 6501 14303 3535 
1 6 11372 13935 11343 9263 13968 362 
1 17 6521 11505 14124 9496 537 6236 9387 9252 11260 14014 11288 334 3324 389 3380 6402 6332 
1 10 6332 13944 11245 395 13945 13947 3384 11312 3272 6296 
1 6 3320 13938 13937 327 3272 6296 
3 23 3151 149 13660 11068 9164 6095 6035 13710 6086 110 9111 187 9333 2999 11315 3215 13818 11250 3358 11282 3391 13862 6380 
2 5 758 11710 15525 9689 6734 
2 5 11805 3861 799 6924 9817 
1 11 6880 9765 16481 3866 6933 980 970 11768 16323 16309 11805 
2 6 6734 15638 9686 11675 15547 11677 
1 4 11677 11692 6955 758 
1 4 9764 854 6927 9824 
2 9 6906 9896 6817 3873 6966 15824 6812 15803 9764 
1 4 6906 6959 9889 4098 
1 2 4098 10024 
1 8 10024 10109 4065 16581 16624 11956 16643 1176 
1 5 1176 16643 11956 16624 12038 
2 7 1176 7068 16703 1090 7198 16579 4182 
1 4 4182 10009 16760 9979 
2 4 4182 13231 1178 7183 
1 4 7183 16620 16771 1048 
1 3 4182 13231 10094 
1 6 4182 16579 7198 6744 16505 875 
1 3 7183 1178 875 
2 9 9764 15803 6812 15824 6966 15852 13223 3954 3816 
2 5 3816 9813 9840 11821 915 
2 10 3938 9767 15981 6993 9785 15791 11766 813 11737 3816 
1 11 3816 11737 813 6878 3887 6903 3902 11852 13233 15495 740 
1 6 885 15640 11852 13233 15495 740 
1 8 3938 9767 3794 9800 15923 9846 9827 11825 
1 5 11825 6936 9872 903 885 
1 7 11825 4024 3918 3920 726 3729 11707 
1 12 11677 15547 11840 15622 3725 920 3727 15664 3918 4024 918 11825 
1 9 11707 15466 6749 9703 738 11688 15494 15496 740 
2 7 7183 7098 6954 809 931 9925 13230 
1 12 13230 16105 9839 11756 9917 16106 11820 15962 896 858 16108 3938 
1 14 1176 1090 4095 16446 12083 16352 9828 12081 9778 6800 13229 13224 6914 3938 
2 6 11825 9827 9846 15800 13232 6867 
1 6 6867 13221 11756 9839 16105 13230 
1 7 6867 874 15799 845 889 6924 9817 
1 9 13230 16105 9877 3926 844 16196 924 3861 11805 
2 6 10024 1093 9903 16376 16288 832 
1 8 4098 1093 9903 16376 11884 3835 888 832 
1 6 832 942 9757 16157 6914 3938 
2 6 875 879 3871 3810 3930 6948 
1 5 6948 985 11780 6866 13230 
1 7 6948 6832 6800 13229 13224 6914 3938 
1 6 3945 6879 9852 16043 6914 3938 
1 10 6906 16183 16124 3799 871 15963 7213 15926 11737 3816 
2 4 6287 6393 3260 3325 
1 4 6364 13803 6235 394 
1 6 241 336 11360 14052 11318 9335 
1 2 9335 6336 
2 5 6469 14312 3512 9363 6241 
3 4 6241 14157 14150 391 
1 3 391 68 3314 
1 4 6241 6286 14112 6336 
3 4 391 68 3211 9498 
1 3 9498 14234 3262 
1 2 3262 6598 
3 3 6598 13068 516 
2 4 587 9522 11562 11519 
1 3 11519 13068 516 
2 4 6583 11435 11470 11494 
2 4 587 9522 3547 11494 
1 3 9559 9418 6583 
1 4 6560 3576 14360 516 
1 5 516 14360 3576 6446 11483 
1 3 11483 3536 11548 
1 4 11506 9534 6569 485 
2 5 11506 9561 6585 454 11420 
1 3 11420 9500 11548 
1 3 11563 14503 9434 
2 7 11506 9523 14598 14597 3549 9578 11563 
2 14 11506 9523 14598 14597 3549 9578 3534 553 14553 11521 11535 3579 14500 6449 
2 5 512 14706 9725 9523 11506 
2 5 3671 9492 14739 6533 512 
2 14 11506 9523 9725 14660 9507 6547 14718 11463 3509 3523 14676 3495 527 9495 
2 8 3552 14647 14631 6572 9525 11508 14653 9495 
2 7 3671 9492 9478 14809 503 14806 11465 
2 4 11465 14737 9510 6536 
2 6 6657 14947 655 14895 14867 3671 
2 6 620 15013 3626 651 669 3671 
2 9 9737 11565 9597 595 11582 629 11596 14867 3671 
1 8 9737 11565 9597 595 15070 3598 15013 620 
2 8 6766 15412 11702 15290 9717 15326 11565 9737 
2 4 740 15495 6756 743 
1 5 743 9710 6777 15173 9737 
2 6 743 11697 9884 11699 3749 6766 
2 8 6766 15412 11702 15290 9734 9751 6618 620 
2 4 9824 9853 3946 6960 
1 7 6766 15414 943 15422 9723 15423 6960 
2 8 6960 9898 11877 15351 958 15339 15434 11834 
2 4 11834 15435 15442 911 
2 3 911 3928 9909 
2 6 6788 15295 3772 11891 15383 9909 
2 10 11834 15434 15339 958 11713 762 780 3589 9590 6613 
1 4 3594 11593 14988 6613 
2 6 3594 9607 11576 6648 14986 620 
2 11 6960 9898 15316 760 11709 3754 769 15143 9748 11593 3594 
2 9 3594 9607 9609 667 14854 9644 6518 3493 512 
2 5 6613 11794 648 817 3652 
2 8 3652 680 3669 14770 3506 14701 11491 11506 
2 3 3652 14781 9642 
2 4 9642 6698 11642 698 
2 15 11506 11518 6949 14668 3506 9490 11732 3533 6531 9658 14707 6698 11642 698 678 
2 3 678 6529 9503 
2 5 9503 1346 3629 11502 9559 
2 6 11506 11518 14520 11549 14467 13011 
2 6 11420 454 3402 11549 14467 13011 
2 3 11531 11502 9559 
2 3 11516 1346 9503 
2 13 11516 14582 14615 5291 6545 14601 3533 11732 551 14668 6949 11518 11506 
2 8 6613 9590 3589 6784 11573 6609 9745 6780 
2 7 6788 15227 771 9741 11730 15123 6780 
2 10 6780 15123 11730 9741 15063 776 607 9584 15091 3780 
1 5 6788 15227 3773 6790 3780 
2 4 9620 6683 698 678 
2 9 3780 15091 9584 607 776 6635 636 9618 9620 
1 3 663 9638 9620 
1 4 663 11640 3679 3692 
1 9 663 11623 661 6680 6678 9636 9633 11618 673 
1 5 9515 9681 14624 3703 9665 
1 6 9665 11651 6723 14678 704 11666 
1 5 9648 9679 14731 6690 11666 
1 6 11666 6690 14731 9679 14857 3673 
1 8 9648 9679 9650 11651 14743 3684 6708 9665 
2 9 3673 11612 3674 668 6673 3657 6656 14991 11584 
1 3 6626 628 11584 
1 8 3673 11612 3674 668 6673 14943 11595 6626 
1 3 688 6708 9665 
1 7 673 11634 14817 14819 3675 14762 688 
2 7 663 11601 3641 9600 9584 15091 3780 
2 4 603 3604 14992 11584 
2 5 603 3776 773 6790 3780 
2 8 673 11618 14922 9630 11598 9598 15046 603 
2 5 603 3776 11734 15232 6606 
1 5 6606 6793 9582 15073 11584 
1 7 3780 6790 9752 773 11734 15232 6606 
2 2 6606 782 
1 5 782 9924 15404 967 925 
2 4 6788 15296 15329 6973 
2 3 9904 15693 11751 
1 4 11751 6862 6875 11833 
1 5 11833 6946 15425 15328 6973 
1 5 9907 1616 11889 6985 6606 
1 8 9907 15401 9879 15416 9750 15589 6862 11751 
1 7 925 15499 6926 11790 9794 15694 9904 
1 4 6831 15654 9838 925 
2 5 11837 11998 9784 6843 883 
1 4 883 6939 3966 6831 
2 6 819 15949 15947 15855 11803 883 
2 2 11846 9904 
1 4 11846 923 9826 819 
2 15 9990 16450 12066 16240 3901 10027 16052 3968 15983 851 15982 955 15947 15949 819 
1 2 11998 11837 
1 12 9990 16450 12066 16330 12098 16239 3901 10027 9856 9784 11998 11837 
1 4 4014 16447 16449 4159 
2 5 4159 1156 3857 16520 10074 
1 6 11773 16187 11874 11824 9772 6891 
2 7 383 3307 13772 6412 9362 6345 9279 
2 6 11380 13728 9308 11082 161 6050 
2 12 9279 11376 9300 9410 9251 9329 11311 9406 6397 9393 11289 11380 
2 16 383 13758 6331 13748 3286 13726 3375 3063 6188 9209 9109 11188 13703 11082 161 6050 
1 6 9279 11376 6120 11160 11327 11215 
2 6 6296 13893 6360 6229 6376 9483 
2 4 9483 6342 6222 9340 
1 4 9483 3354 6314 9262 
2 8 3320 13938 9295 11498 11342 13857 11358 310 
1 8 310 7482 3255 10323 13800 13784 9240 9340 
2 6 514 573 469 9414 6440 11542 
1 4 3583 9457 14400 11467 
1 3 11666 6739 9692 
2 8 9692 14649 11679 541 14650 3484 14546 11539 
1 4 11539 9551 9567 3583 
1 6 11539 581 3550 14508 14478 3581 
1 10 9660 684 716 9690 6561 11679 541 14650 14649 9692 
1 8 9660 14785 11663 9676 6720 3716 3700 11666 
1 12 9660 14785 6703 14923 682 3683 3670 14914 9611 14995 15051 11581 
2 5 11581 14994 3654 6650 9627 
1 3 6626 599 9627 
2 6 9648 9646 596 3654 6650 9627 
2 6 11581 14994 3654 596 9646 9648 
1 6 619 3623 6670 11625 14842 9660 
1 8 11581 15052 3596 624 9595 15053 6647 619 
2 6 619 15095 11580 15179 15233 11586 
1 7 9606 614 15156 11787 3617 15095 619 
2 3 3601 3592 11581 
1 6 6626 15125 11735 15094 11564 3601 
1 5 3601 6611 984 3974 3924 
2 6 3882 11832 15478 9906 15418 9602 
1 5 9602 15380 6634 11583 11586 
1 7 3882 15696 15748 3833 3526 10163 11818 
2 12 4109 3988 16460 1109 976 16258 863 16199 6930 3844 10163 11818 
2 7 9602 15371 11887 9771 11868 965 949 
1 14 949 15549 3908 3971 3952 15513 15528 3819 6842 15481 9769 649 15387 9783 
2 6 949 15549 3908 3937 6982 6923 
2 15 9833 15831 6895 15830 3893 15804 15806 11905 878 15704 9862 6814 6952 15677 6923 
2 3 3663 15191 9617 
1 5 657 6677 11603 15312 9617 
1 14 9548 6761 14773 744 3728 3741 14945 6747 9701 15021 11652 9651 15191 3663 
1 14 3663 3636 15216 3639 15206 637 15205 15158 3645 6667 11657 3649 15180 9606 
1 14 3663 11619 660 6695 15106 6709 11639 14999 676 14979 11622 14944 693 6711 
1 6 6711 6714 3709 14868 14830 3696 
2 7 3696 11644 699 6716 716 684 9660 
1 4 746 713 14830 3696 
1 7 3581 6604 6586 11691 9706 3548 746 
1 2 6314 3288 
1 3 9483 3354 6314 
1 6 6332 13944 13942 11265 348 3288 
2 8 9340 9240 9317 11291 3074 496 13701 3152 
2 6 3152 13701 11426 11127 11443 4640 
1 8 4640 126 3120 181 11080 6174 13658 3151 
1 6 11105 6144 9129 6108 9194 3083 
1 5 3151 13657 3060 9100 9206 
1 6 9206 6082 13628 11056 9183 9073 
1 8 9073 67 13629 9167 6144 9129 13665 11105 
1 5 11370 277 13971 6340 3320 
2 15 362 389 3380 6402 3351 14034 6347 6321 14085 9290 6567 14100 524 14152 3544 
2 13 6558 388 14147 17 11515 9439 493 14189 9508 14180 9400 11492 3544 
1 10 6558 388 11232 14062 279 3324 389 3380 13969 362 
1 3 11467 14400 6464 
1 6 6464 13205 9567 9412 11398 9427 
2 8 9427 11413 14367 11430 6416 467 14173 3544 
1 3 6464 9567 3583 
2 12 9427 11413 442 3410 6499 14458 6522 3434 14470 9468 14460 11479 
2 8 11479 14412 9558 422 14329 11441 6546 3392 
1 9 3544 14152 524 402 14175 9544 290 14154 3392 
1 6 3501 14310 13070 11333 14223 6103 
1 5 9458 11446 507 14223 6103 
1 9 540 3463 9484 14292 6351 11471 9239 14223 6103 
1 7 3369 14252 6221 11471 9239 14223 6103 
1 7 6103 14223 9239 6221 6270 14169 9297 
1 5 3369 14252 7239 14169 9297 
3 6 6103 14227 14225 11374 221 271 
1 4 9297 11345 6237 9315 
1 9 6103 11221 296 9322 14051 364 11382 6237 9315 
1 5 3369 14252 6378 14243 377 
1 7 377 14243 3241 6301 3301 3205 6384 
1 6 9315 6237 11382 9269 14005 11297 
1 6 6384 13997 6335 6399 11332 11218 
1 4 351 11299 11378 9392 
1 5 11218 9350 9237 6395 3273 
1 3 9392 9383 3273 
1 5 3273 9383 6300 3150 11136 
1 6 3273 9383 159 11306 13786 9075 
1 5 3379 3242 14013 3359 11293 
1 5 3379 3242 13906 13909 385 
2 9 7394 9284 14122 6313 14094 9310 303 3342 11293 
2 5 3392 14154 290 11247 11301 
2 10 11301 11329 11357 11386 14016 266 9398 11245 13944 6332
1 4 11301 347 13206 3393 
1 6 3320 13939 13982 9274 14009 3393 
1 5 11370 11216 14025 9236 9304 
2 7 11301 347 318 3309 14057 14035 9304 
2 10 11399 14334 14294 3559 3521 12562 14200 524 14152 3544 
1 6 11399 14295 6580 536 14461 11479 
1 9 3458 14293 3559 3521 12562 14200 524 14152 3544 
1 9 310 6459 3219 11259 6326 6249 9323 323 11241 
2 4 11241 323 6293 11234 
1 10 11202 11097 9408 3053 6139 181 11080 6174 13658 3151 
1 14 11234 9331 13774 320 9234 11109 6154 117 13714 6197 79 6174 13658 3151 
1 9 11349 6303 11326 366 3358 11282 3391 13862 6380 
1 9 11349 9265 11224 6264 6367 3235 13810 9287 11234 
2 5 11370 294 13953 11322 3331 
1 7 3331 11220 13896 11353 11290 223 306 
1 5 11241 13894 9241 13907 3331 
1 3 3331 6354 9289 
1 12 383 6310 295 11070 13709 69 13698 147 3007 11184 3171 6115 
1 7 9096 6151 11029 9204 9103 13679 6115 
1 14 6115 13679 11078 13608 9157 27 13636 11037 13634 3059 13647 9170 6145 122 
1 6 11028 9157 13608 11078 13679 6115 
1 7 11028 9227 11113 11206 13521 9139 3022 
1 4 192 6055 13287 101 
1 9 101 13304 3095 13349 11155 9226 9186 3104 9108 
1 14 9108 6083 6024 6161 9220 9093 11067 118 11185 13491 6063 130 205 3108 
1 10 6050 9149 3182 11091 9117 49 9051 11209 9035 3108 
1 6 9197 9164 11068 13660 149 3151 
1 8 9197 70 11059 11153 6057 90 3084 11159 
1 14 11159 13598 9118 3033 11092 13519 155 13520 11175 6021 13478 94 9195 3189 
1 11 3189 6029 86 3008 9162 3121 6181 9201 11117 6157 3134 
1 14 11105 6144 9129 11172 13584 3025 13568 6138 13543 9038 3009 6013 11126 3122 
1 5 9073 11138 9056 9163 141 
1 13 11202 13756 415 592 13755 9485 6408 308 9501 11291 9317 9240 9340 
2 13 306 3362 6387 9272 11254 335 401 13868 3327 13882 3391 13862 6380 
2 5 11370 14018 216 386 3350 
2 2 6373 3350 
1 5 6373 14078 6344 14164 9288 
2 3 9289 3378 6373 
2 12 6373 14078 6319 14148 9249 3507 11453 9568 9466 441 11477 6593 
2 13 6593 14285 3470 14369 11543 14297 572 513 422 536 6580 14295 11399 
2 11 11479 491 14493 11427 14479 438 462 14539 14480 6429 476 
2 5 476 9481 11464 11514 6593 
1 10 11479 14460 6483 14510 14568 11411 14547 11550 3743 9548 
2 10 476 14604 9423 9576 754 14788 14880 741 14940 11670 
2 6 476 9481 11464 11490 504 525 
2 13 3686 705 6724 3722 14980 568 737 14833 3573 11715 588 11422 11405 
1 3 11405 11422 11437 
2 14 11437 14688 14645 6423 6451 14656 3452 458 11438 14557 9465 3494 504 525 
2 11 11437 14689 14674 453 472 3449 14681 3466 3479 14700 6474 
2 4 6474 6493 9430 9417 
2 8 9417 585 3587 3765 14982 15031 3752 3734 
1 4 3734 9696 3760 719 
1 4 3672 3682 15419 3668 
2 7 7661 7495 15882 4458 7624 4463 3668 
2 12 3653 772 654 15536 9626 3658 15583 15628 1530 15751 15752 1599 
1 14 1599 15876 11708 1539 15879 11674 15860 11645 4477 4614 16099 1536 16030 7661 
2 22 3672 15448 6702 9647 15409 15410 685 11633 9649 714 15332 9691 9694 15183 735 9726 9709 6781 14952 3587 585 9417 
2 2 413 3527 
2 15 9417 14799 11434 14765 11450 11459 14580 3519 547 3540 6591 14465 11412 11475 3527 
2 10 6474 14700 3479 14630 502 6530 11461 3508 3531 418 
2 9 3527 9552 9489 14363 11439 6517 3409 9556 418 
1 8 418 14436 9449 3492 558 14281 6543 3580 
1 7 11504 14476 3557 14444 11397 3531 418 
2 9 525 11557 9543 11454 11530 14450 9519 559 11504 
2 5 525 11557 582 6458 11489 
2 7 9288 14166 546 9506 3480 14316 11489 
2 9 11489 6508 14309 9566 3225 238 288 3306 3335 
2 12 3335 14074 6252 11284 11235 11300 13903 3263 6348 6414 301 6380 
2 4 3580 9260 9328 9355 
2 8 9355 14068 9384 9411 11242 3292 13987 6262 
2 7 6262 6396 6290 9348 6414 301 6380 
2 4 413 14220 6341 6398 
2 4 6398 6230 6279 3356 
2 9 3356 9330 11268 9282 13886 9348 6414 301 6380 
2 7 3578 3426 9460 433 11408 3465 9422 
2 8 6398 6369 9339 9312 11436 14204 471 9422 
2 7 121 11205 252 6356 9278 9378 6380 
2 9 121 9122 11099 9188 2 9168 2996 11107 9131 
2 4 9197 70 11174 3140 
2 12 3140 172 13685 9107 3163 11083 81 6189 9207 3124 11189 9131 
2 15 6380 301 3290 11362 6316 378 11338 280 3370 3268 6392 6295 13855 6299 11375 
2 3 11344 3303 11375 
2 11 6380 301 3290 9235 11217 214 3339 6362 6410 9407 11344 
2 7 9422 313 3304 6353 6382 9409 9258 
2 7 9258 9286 6391 11262 9344 11394 11344 
2 9 11344 11277 3352 6374 6253 9373 11356 11243 6338 
2 12 9258 9286 324 11269 3317 286 3276 6302 6226 6275 9243 11225 
2 8 11225 11348 393 3357 3330 6515 9420 12128 
2 9 11225 11377 11256 3265 4324 4283 1305 273 1278 
2 6 1278 12117 10142 10329 12157 9292 
2 5 9292 1233 12287 10133 1821 
2 7 12128 3563 4322 1254 4294 7370 10253 
2 7 7243 4300 4374 4227 1314 12294 10253 
2 7 6338 260 9336 3251 3300 6388 6278 
2 11 6278 7403 206 1380 10286 10314 361 3280 7320 10133 1821 
2 7 7375 11228 237 3280 7320 10133 1821 
2 10 7375 11352 7346 12203 9293 370 3027 3139 272 6124 
2 14 9131 11107 2996 11143 143 3135 9200 11075 73 3066 3103 6089 9214 6124 
1 5 7477 7563 4599 12491 12333 
2 10 3951 16065 6808 16084 3905 9806 6908 11784 16010 11747 
1 5 3951 6871 3851 11811 11829 
2 6 9878 16388 16260 3983 16065 3951 
1 9 9878 784 16528 3876 16416 11860 940 9755 6807 
1 12 6807 16417 9763 16476 9830 16474 16433 961 921 6956 16466 11746 
2 5 1821 9553 1543 10189 4824 
2 3 9292 1327 1292 
1 3 3325 3277 399 
1 4 3325 3277 13825 6364 
1 3 11366 332 399 
2 8 1292 1775 1294 12521 4780 7800 1709 10696 
2 8 4824 7846 7774 3472 10600 12652 4700 10696 
2 6 10696 12679 1733 1860 7825 7274 
2 9 1459 10148 10366 12397 7597 12329 7657 7600 7243 
2 5 1459 11687 7682 7501 1554 
1 6 12333 8099 10414 1649 10470 1554 
2 8 7274 4866 7757 12631 7886 10712 10639 12691 
1 8 12691 12621 1876 1813 10549 10661 12540 4797 
2 10 4797 1762 4837 10528 4766 12507 7860 10683 7786 4677 
2 9 957 6989 11750 6684 664 6686 11643 10466 12189 
2 6 7642 4434 4621 1425 4406 7381 
1 5 7642 10135 12293 4390 4608 
2 5 12299 4424 7427 4412 10297 
2 28 10297 1376 12215 7342 1291 12144 18821 7236 18822 4371 1337 18805 18779 4312 12201 1281 18753 1308 18754 18727 4388 12220 18689 12122 18665 1427 18619 7408 
2 18 7408 7225 10250 10221 18562 12173 7544 10411 18530 7572 18489 18488 7353 7531 18420 7492 18378 1488 
1 6 1330 12127 18445 18491 4336 1403 
2 8 1330 12127 10154 18469 18430 10283 18415 10344 
2 13 1330 12127 18470 1417 18416 12256 4626 18364 4585 18315 18314 18246 1492 
1 8 1492 7469 12492 12464 17986 1082 18001 4425 
1 5 1185 4119 18339 12048 4075 
1 18 4075 12075 10129 18294 18272 10075 18232 18234 12319 1522 18124 18147 4501 18020 18022 7446 17975 1319 
3 2 1182 9998 
2 3 9998 7157 7087 
2 3 7087 12097 10125 
2 2 7072 11960 
2 5 10125 7187 4172 4142 11960 
2 3 7072 12031 7212 
2 3 7212 11946 1092 
2 3 1092 10052 11985 
2 2 11960 1136 
1 3 7072 11960 1136 
2 8 1136 9985 10055 1167 7145 1191 7050 11985 
2 2 1025 7110 
1 2 7110 9950 
2 6 4102 1183 12006 11925 4164 7110 
1 2 11985 1025 
2 5 11960 4142 4172 7102 10032 
2 7 1182 4188 4100 7016 4118 1024 7169 
2 4 7169 12056 3848 6994 
2 6 1117 11930 4067 1063 9865 6994 
2 2 12007 1117 
1 3 12007 10128 10032 
2 5 10125 7187 10015 11989 12007 
2 5 1182 1097 11908 11989 12007 
2 3 3962 7532 10444 
1 3 10444 10512 12421 
1 3 6994 9859 3962 
4 7 4056 7121 12089 4086 16881 1081 11977 
2 6 11948 10110 4126 16917 16843 11977 
4 6 11977 16783 7204 16605 7221 7125 
2 8 7125 16542 4004 9981 848 16339 10083 6928 
4 9 7125 12040 16393 11915 16307 10065 7171 9790 4052 
4 6 4052 9790 912 11835 16120 6981 
4 9 6981 3970 16069 3839 15864 3895 9885 15709 11771 
2 7 11771 15710 987 15828 9781 11764 964 
1 6 964 16172 3783 6851 16284 1150 
2 6 9843 16091 11761 9969 16245 10068 
4 14 11771 846 6951 987 11815 15635 15797 9835 6837 11886 3900 1052 12043 10068 
1 10 10068 16245 9969 16306 10022 11996 11980 16558 7189 1069 
2 8 9843 16169 4140 12026 16195 7109 16357 4190 
1 9 1069 16750 12045 16794 4071 16818 7089 4157 10000 
2 8 1519 16670 16632 4538 12062 16617 16514 4190 
1 4 9843 6904 9776 952 
2 7 1069 16750 12045 4037 10043 16953 7025 
1 14 11913 4148 1146 17353 10008 7094 17310 11916 17211 10040 17212 9995 7085 7025 
1 5 7014 17496 12052 17443 10076 
1 9 10076 17356 11982 17483 7120 17522 996 17395 11913 
1 7 7014 12076 17508 17568 4042 17569 7191 
1 5 9974 17632 1096 11991 7191 
2 13 4190 4032 16672 1188 1169 4058 16878 4144 1139 16994 9958 1004 10364 
2 12 10364 1004 17104 12012 17241 7568 10446 7580 9934 7167 17608 4619 
1 7 4619 17610 4631 17669 17696 9999 7097 
1 5 3992 7653 17774 17691 1628 
1 5 10062 7108 18179 18219 1047 
1 10 10364 17159 7656 17111 10098 7129 17062 4010 7085 7025 
2 6 12068 1091 11959 18069 7214 7186 
1 7 1047 18167 18143 12095 1120 18046 9970 
1 3 9991 12010 11968 
1 5 11968 9993 12423 1497 12366 
1 7 4245 10077 4644 7662 7565 10389 12338 
1 8 4245 10077 1609 4616 10443 10389 10349 7455 
2 7 4245 10077 4644 7593 7537 4544 4516 
1 6 4245 4062 7220 1444 12035 12307 
1 5 4245 4062 4104 1101 10060 
1 5 10060 10116 12462 11978 10001 
1 5 10001 10255 4237 1228 7340 
1 5 7340 4280 12114 4472 8087 
1 6 10278 12180 10152 1430 4321 7340 
1 4 10278 7436 1268 10246 
1 3 10246 4416 7265 
1 4 10278 1344 12734 8011 
1 5 10246 4416 1409 7288 1321 
1 8 10278 1344 12734 10808 8067 7363 10274 7447 
1 4 7447 7391 10190 7244 
1 4 8011 8100 10208 4278 
1 4 8011 8100 4414 10756 
1 4 10756 10259 5104 8087 
1 6 10278 1344 7310 12779 10296 10756 
1 5 10756 10259 5104 10324 1359 
1 3 8087 10324 1359 
1 5 1359 12142 4353 10270 1349 
1 8 4278 12105 7250 12295 10210 12182 12269 1349 
1 6 1349 7013 4187 7150 11952 9975 
1 5 4516 1569 2005 7938 5040 
1 3 5040 5055 12137 
1 4 5040 4045 2036 12137 
1 3 4516 10751 9973 
1 4 9973 4299 1377 12137 
3 4 12137 5086 10794 2086 
2 6 2086 2032 10729 12822 12005 10887 
1 7 2086 12868 2002 10772 10066 9084 10887 
1 3 10887 9084 8007 
1 3 3456 10108 4110 
1 3 4110 7084 10735 
1 3 10735 8098 5105 
1 4 10735 1971 10898 8007 
1 5 10887 4979 2084 8022 12763 
1 4 9975 1144 7207 4132 
1 9 4245 4062 7220 1059 1538 10428 9946 7574 10401 
1 5 10401 12420 4557 4883 10030 
1 6 1349 7013 4072 7060 7430 10030 
1 6 10030 4950 11995 4953 5096 5040 
1 3 7260 7344 10201 
1 4 5105 8013 12761 5075 
1 12 5005 7953 1922 17194 2065 17085 1982 16980 16981 10922 16907 10837 
1 6 7602 10385 16778 10768 16838 10837 
1 3 2089 17437 8001 
1 6 8001 17421 2004 7994 17318 2097 
1 8 2097 17233 12046 3795 12372 1600 16807 10106 
2 6 11746 806 16661 3889 16804 12473 
1 8 12473 7140 1056 10087 4550 1108 17207 4111 
1 3 4111 11919 792 
1 3 4206 1201 1065 
1 4 1065 17302 17265 4111 
1 3 1086 17419 4206 
1 7 11976 17591 4562 4591 4574 17436 7151 
1 6 4111 17265 1074 17302 7170 7151 
1 4 1065 17302 7170 7151 
1 7 4206 17418 4088 4161 11979 1155 12049 
1 3 4073 17505 12049 
1 4 4073 17505 17486 7011 
1 5 12758 5099 7970 12455 11976 
1 2 11829 9833 
2 4 4345 4417 10320 7433 
2 10 7433 1284 12291 4362 7379 4432 1424 7304 7644 7361 
2 8 4345 4417 10320 10174 12221 1282 4342 4285 
3 3 4345 4270 3778 
2 8 3775 6797 9580 11567 3605 6625 4270 4345 
2 13 9450 6713 11641 11685 9684 6769 11669 9724 9711 722 11695 3763 3775 
3 6 3778 3635 3661 9634 6676 6510 
2 13 6510 9467 12278 12582 602 777 10718 4775 7899 1769 4875 4426 4872 
2 12 6510 9480 1299 4869 1782 10718 7794 13094 11571 4875 4426 4872 
2 3 12603 10611 4739 
2 5 4739 9669 6726 515 3010 
2 7 4872 12688 3721 12593 12663 3481 4739 
2 5 12603 1788 3721 12688 4872 
2 5 12603 10611 11440 10684 7787 
1 7 7787 4765 4877 4343 7853 1858 1408 
1 8 3010 6754 1347 7761 1737 7853 1858 1408 
2 4 1408 4428 10157 7315 
3 3 7315 12214 10327 
2 4 7315 7386 10271 12211 
2 2 12603 4759 
2 4 4759 10709 1752 3719 
4 4 3719 10618 6752 1866 
2 2 9450 12357 
2 8 12357 9657 926 1760 10526 3699 1719 1866 
2 6 1866 4807 4664 10341 12456 12357 
2 9 9450 12368 6737 11589 1560 10341 4664 4807 1866 
1 7 9450 6713 11641 695 691 11656 6710 
2 7 6710 9724 9711 722 11695 749 11654 
2 5 9450 6713 9654 11637 689 
2 4 689 3685 9825 6890 
2 5 6890 882 3687 6707 11654 
2 4 6732 3906 11830 9832 
2 8 3878 6911 3806 11665 10381 11662 7345 4345 
2 4 9832 6909 9847 3878 
2 2 3878 6882 
2 3 6882 3863 6845 
2 3 6845 3824 6984 
3 2 6984 3957 
2 5 3957 873 3823 11841 10412 
2 8 6845 6869 11785 9804 847 3850 880 11800 
2 4 6855 827 9808 11800 
2 11 9450 6713 9653 870 11791 3872 659 3853 6874 9808 11800 
2 6 1595 9796 831 11776 11760 6855 
2 2 1595 4527 
2 11 4527 4601 9775 9760 7528 3975 801 9923 6823 6929 3957 
2 6 12211 3513 12183 7865 12553 9616 
2 6 1866 9880 7536 12577 12646 12586 
2 9 9450 12312 11589 10478 7306 12418 11788 10666 12586 
2 6 12586 7852 3855 3613 4760 4723 
2 9 9450 12368 6737 10393 7539 1586 1678 9892 12586 
1 6 1595 4531 4437 10461 9682 9450 
2 10 11654 734 3733 3702 9708 1436 9693 3806 6911 3878 
2 4 6696 1881 10448 1595 
2 4 6696 12709 12568 9727 
2 3 4527 1445 9727 
2 4 1572 12381 1480 11975 
2 6 1843 9834 10489 866 12439 1572 
2 3 1572 1584 7388 
2 6 1572 12353 1433 12470 10492 12384 
2 3 12735 7422 492 
1 4 12384 7583 860 492 
2 3 492 10520 7480 
2 3 7552 7524 4464 
2 3 7552 1453 10449 
2 4 7552 1453 1643 1528 
2 5 1528 12401 6968 9829 3960 
2 4 3960 10861 10504 10337 
2 6 10337 1500 12313 4507 4535 7552 
2 5 10337 12410 4884 2042 6785 
2 4 10337 12341 1927 12782 
2 5 3960 7981 5022 1927 12782 
2 3 6785 12369 5015 
1 3 5015 10769 12835 
3 5 12782 6987 5061 2060 12835 
1 2 8097 10740 
2 3 12835 7973 8003 
2 3 8003 10916 10830 
2 3 10830 12745 8097 
2 6 12782 2019 12728 5038 10894 10740 
2 4 5021 2083 12721 12835 
2 3 1965 2011 4956 
1 2 4956 5021 
1 5 4956 2083 1952 12721 12835 
1 2 4956 10172 
1 4 1965 2011 2008 10172 
1 4 10172 12804 10853 8003 
1 4 1965 12755 4887 13089 
2 2 3834 853 
2 5 3834 7920 5044 12791 10740 
2 4 4908 4977 1945 8057 
2 5 13089 12746 12873 10895 8057 
1 3 8032 2051 13089 
2 4 12753 8236 10773 12810 
1 3 12753 10842 10886 
2 3 3960 9829 5001 
2 6 5001 7485 12458 12489 4444 1646 
2 3 7202 1547 11975 
1 4 10412 3925 11738 788 
2 5 7202 10029 7012 4491 7138 
2 7 12384 638 10394 1485 4653 4491 7138 
1 10 7202 10029 7012 7134 11927 7083 7045 11783 6943 788 
1 4 1132 4168 6943 788 
1 4 7138 7083 12054 1132 
1 5 10412 9931 12445 10081 7138 
1 3 4464 7668 7480 
1 5 3957 951 11873 10343 7646 
1 5 7646 7466 4627 12637 9727 
1 3 9727 1582 913 
1 7 7622 10498 7451 10374 4476 7546 1550 
2 3 8252 5051 12798 
1 3 913 7791 10909 
2 3 12384 5090 10909 
1 4 12735 12803 968 10909 
2 4 12735 10192 10824 12501 
2 4 12501 1987 10615 7797 
1 3 1646 4625 7797 
2 5 12735 1587 10753 7464 7797 
2 4 10449 10410 4510 1646 
2 4 6696 6974 12670 12501 
2 6 1595 12437 1604 7626 12305 4569 
2 7 4569 12305 10457 12497 7611 9682 9450 
1 4 4569 1621 12361 10717 
1 3 10717 1564 1534 
1 5 4569 12346 12463 10370 1534 
2 5 4569 4449 4540 4625 7797 
2 14 6464 14448 506 584 11428 493 9439 11515 3381 243 279 3324 389 362 
2 5 9508 548 6401 3230 3295 
1 4 3295 3324 389 362 
2 10 9450 12368 6737 10339 1527 4590 7449 7607 12361 10717 
1 7 1866 9880 1867 12667 12620 3750 1747 
2 8 4723 10640 10711 1815 12651 1851 12585 4860 
1 3 4860 10593 10624 
2 4 12211 3513 4328 4274 
2 5 3588 6665 3471 10151 4274 
2 4 4274 4347 4331 3588 
3 3 3588 9697 9713 
2 4 9671 3677 6699 9713 
3 5 9713 6699 6694 6876 4518 
2 4 4518 9911 941 10387 
1 3 10387 10483 9814 
1 4 9814 11757 7517 1562 
1 3 1562 12374 7986 
2 3 7986 8115 853 
1 4 10387 12303 4727 7986 
2 7 10327 12673 12124 3781 6742 7779 4860 
2 11 4860 12572 4857 7880 1767 6722 12566 1836 4772 1752 3719 
2 4 10624 4863 7883 4759 
2 8 10327 1690 1832 4838 1854 1857 10593 10624 
2 5 10717 7834 1352 7892 4740 
2 4 1534 9802 4811 4740 
2 3 1534 2043 1806 
2 6 3960 2082 8025 5103 1618 1806 
1 3 1806 7904 10798 
1 3 10798 11802 4740 
2 5 3960 9920 5085 3875 3972 
2 3 10798 10702 3972 
2 5 4740 11802 7762 2055 3972 
2 2 3972 9908 
2 5 9908 12624 4586 10340 4740 
2 6 9908 12893 10867 8070 3867 10740 
2 4 10740 12791 3883 4975 
2 3 4975 10642 12627 
2 5 4740 10340 4586 1738 12627 
2 3 12627 10588 1827 
2 10 10717 7834 4757 12513 1753 10532 4871 12570 12642 1827 
2 9 10717 7834 1352 7892 12024 4814 4586 1738 12627 
2 3 1827 7780 4723 
1 3 853 1793 11814 
1 4 11814 4799 4657 10387 
1 4 853 7747 6897 10573 
1 4 10573 10645 12552 4975 
1 4 10573 7821 12765 11814 
1 9 12627 9792 868 1658 6887 1756 4742 10662 4865 
2 8 4865 10651 12573 12699 850 4799 4657 10387 
3 9 4865 10651 10591 7827 4736 10422 11698 710 9713 
2 3 4865 10582 12535 
2 4 12535 1789 10556 9616 
2 6 12535 7888 12633 12561 10640 4723 
1 4 1814 4804 12617 12604 
2 9 1814 4804 12617 1786 7783 1713 7887 1565 4543 
1 4 1814 4804 7692 1801 
2 4 2197 5195 2203 2211 
2 5 7798 4776 12932 12924 12910 
2 8 7798 12576 7755 1667 10455 10682 12435 12406 
2 10 7564 7535 7522 4481 12308 7651 10487 10460 4560 7566 
1 4 1454 12104 1431 7669 
1 4 12364 1555 4573 7621 
1 5 12364 10402 12394 12409 1639 
1 4 12364 10402 12394 10418 
1 7 12364 12351 10390 8208 5184 12970 8215 
1 3 8215 10992 650 
1 2 650 8222 
1 4 650 5191 8194 5228 
1 4 5228 11000 5171 12994 
1 3 12994 8217 5131 
1 4 650 8229 8251 5121 
1 3 1639 12494 10935 
1 3 12364 12351 7500 
1 3 7500 10985 12942 
1 5 8187 10943 12453 10515 12364 
1 4 8187 8238 2173 2152 
1 5 10362 12496 1613 1626 4604 
1 6 7500 5163 10975 8255 5143 8216 
1 3 5131 2174 12930 
1 6 8216 10965 2224 5229 10987 12930 
1 3 12930 8157 5230 
1 3 5230 13195 13086 
1 2 2210 2182 
1 3 4604 4589 10447 
2 7 4604 4589 7594 1542 1529 5156 8181 
1 4 8181 7553 10947 10513 
1 2 10513 5112 
1 4 10513 10432 5172 10980 
1 5 10980 8190 12996 2153 10999 
2 4 10980 12334 8148 7476 
2 8 10513 10947 12972 5186 12937 2181 10959 8189 
1 6 10513 10947 12972 5186 7636 12977 
1 2 10946 8143 
1 4 10998 5182 10967 5168 
1 2 5168 2227 
2 5 12589 10415 12692 12547 4696 
1 2 2229 10963 
2 4 10963 7605 5203 1509 
2 2 1509 10697 
2 3 10697 4822 4696 
1 5 1468 4556 12648 2213 10400 
1 2 2213 10400 
1 2 7576 1468 
1 2 4696 1833 
1 5 8245 5177 1688 5106 10400 
3 2 10697 5231 
3 4 5231 12648 2213 10400 
2 2 10963 4879 
2 2 2120 10929 
2 4 10929 1874 12963 8214 
1 5 8214 2213 10668 1509 5231 
1 4 10929 1874 7872 5199 
1 3 5199 12504 191 
1 5 8214 12963 1874 7872 5199 
1 3 10968 12925 5117 
1 5 2196 8205 12911 10932 8144 
1 3 5160 10860 1939 
1 3 1939 5196 5210 
2 5 7011 17486 10005 17477 11964 
2 5 7011 10073 7164 7091 4076 
2 3 7011 10073 3996 
2 5 3996 4055 17683 1068 10031 
2 6 10031 17799 7144 12099 11974 12044 
2 6 11999 1064 7073 12071 1151 12044 
2 3 8105 10745 7989 
2 2 7989 2046 
1 3 2046 2003 12725 
2 3 2046 12881 12806 
2 9 11921 10026 4129 7162 16874 16845 7180 16735 11969 
2 2 9994 11969 
2 2 12051 7081 
2 9 7081 16775 1160 4163 16704 1046 7180 16735 11969 
2 10 12051 7065 16834 16785 13077 7033 16858 4131 11939 1145 
2 8 1145 9964 16832 12760 16852 11923 16882 7132 
1 10 7132 16934 17019 4150 3991 7008 17199 12018 7958 4933 
2 12 7132 16934 4116 989 17065 1111 4097 17117 10013 11987 17163 7100 
1 5 7100 17192 1194 10113 9945 
2 5 7100 1079 10070 17226 7069 
2 4 7069 10023 4139 4108 
1 5 5010 7980 5041 18685 8124 
1 4 2012 8015 12710 4948 
1 5 2050 12900 2025 1969 4972 
2 8 9570 3510 3283 6462 9511 479 506 11467 
2 6 3458 6416 11430 14355 14366 9427 
1 4 3458 467 14173 3544 
2 3 9817 11673 6734 
2 6 321 11305 9294 9320 6257 9347 
1 6 3522 9238 9264 9294 11305 321 
1 7 3522 9238 9264 9294 9320 6257 9347 
2 7 2086 2054 1908 4984 10847 1980 4110 
2 7 2086 2054 1908 4149 12886 1103 9975 
2 9 4245 4204 7593 12452 1637 10471 10332 7938 5040 
1 12 3022 9139 6038 115 13522 3111 11049 3162 11052 13498 46 3108 
2 7 11542 9429 583 421 6562 3414 3583 
1 6 3583 3414 6562 421 14507 3569 
1 5 3569 557 3718 6739 11666 
2 8 11542 9429 583 421 6562 11511 14524 3569 
2 3 1965 8089 12810 
2 4 4908 10765 8012 3834 
2 3 7859 12435 12406 
1 9 12406 7520 10388 4478 4658 10500 12451 10430 7564 
2 4 8186 5225 10925 12910 
1 10 12406 1537 10427 12377 11019 2114 8249 5211 5225 8186 
1 13 8186 10927 8165 5197 12948 2191 10969 8200 10949 1526 10983 2157 1652 
1 13 6928 3981 3852 6922 15815 15816 959 6822 898 6944 3944 15505 9897 
1 18 10433 15059 15118 9782 10503 15012 12355 15084 12482 11906 15223 6811 15152 810 15198 783 3977 957 
1 13 957 3977 783 15198 810 15152 6811 15199 15264 9766 973 15463 9897 
1 15 4572 15335 7663 15313 15314 15213 9928 15243 3791 15279 11893 973 15462 15463 9897 
2 9 11771 15669 11808 15543 916 15399 4642 15334 4572 
1 6 4572 15253 4503 7652 15117 10433 
2 4 10433 15002 7582 4506 
2 14 4506 14826 12485 7894 4876 14728 10638 14571 4745 7743 14497 14276 4719 4677 
2 12 11771 846 15594 9831 15399 4642 930 4633 1499 4561 15005 4506 
2 7 4725 10655 7801 12678 12261 4805 12189 
1 9 4725 7763 12657 10678 7851 12543 10559 7725 4677 
1 8 4506 14876 1588 12618 14639 7832 14375 4725 
2 10 3585 6418 9421 14535 9541 543 6552 9527 704 11666 
3 5 11542 6440 11432 3418 3585 
2 7 3585 6470 11404 3474 9416 14469 11544 
2 4 9315 6318 3205 6384 
2 8 9315 6237 11382 9379 9332 13961 11270 351 
1 7 12051 7065 9976 11953 16941 12034 9943 
2 5 6583 9418 9444 3516 516 
2 7 13011 14467 9472 13081 9536 3516 516 
1 12 11459 484 500 509 14658 9516 11501 11527 533 9504 14552 3529 
1 11 11408 9564 3539 518 11485 11423 9436 3582 9504 14552 3529 
1 7 11752 1608 7674 15532 1489 15771 952 
1 10 9878 16259 6945 11796 3927 16396 6992 16439 7130 4112 
1 9 6912 16027 11778 16159 9921 928 16386 16405 4112 
1 8 3951 16065 11831 16190 856 785 11898 9921 
1 8 979 3982 15737 6938 15837 15836 9844 11747 
1 6 9777 3903 3935 9915 15807 11881 
1 7 3870 3807 16356 921 16293 6977 9777 
1 6 3870 3807 16333 11844 804 11747 
1 7 3889 16649 9893 9912 3890 16343 7620 
1 5 11853 15985 6991 16001 10472 
1 4 1052 16170 900 6969 
1 4 6969 881 3955 952 
1 5 7101 7279 10517 17785 7097 
1 6 3992 7653 4083 17867 7172 7199 
1 4 6747 723 3724 3707 
1 6 12991 18835 18834 2063 4995 10775 
1 4 560 11503 14212 6435 
1 5 3707 3724 11686 14788 754 
1 10 754 3757 14732 3575 6597 434 14629 409 458 3452 
1 6 6344 14082 9371 9396 11383 11230 
1 6 3122 11065 3172 66 195 11121 
1 5 9206 11162 3050 6150 3187 
1 18 3187 3133 3030 9061 3068 9169 11076 193 13499 6146 11024 11079 3149 13458 9233 9106 6212 11121 
1 8 141 6078 9104 13488 3125 13476 13499 6146 
1 7 9056 13567 6141 11033 3119 13568 6138 
1 9 9108 6165 6125 9147 11125 11164 11081 158 11121 
1 8 3668 6701 700 6748 3726 6758 11706 9753 
1 9 9753 6620 11429 9455 6486 6516 520 11474 3529 
1 12 10364 1004 17092 17150 1603 17102 12713 5092 17248 7406 4256 7418 
1 15 10137 18538 10309 18537 18527 4379 1302 18472 7280 12297 18453 4397 10016 11936 1185 
1 10 4401 18734 12232 10232 18738 18735 12204 18708 1285 10162 
